0.000000 0.000000 0.000000 -0.000000 0.000002 -0.000000 -0.000000 0.000062 0.000006 0.000005 -0.000000 0.000007 0.000020 -0.000014 -0.000085 0.000029 0.000004 -0.000036 0.000017 0.000003 0.000008 0.000002 0.000003 0.000020
0.000000 0.000001 0.000000 0.000000 0.000055 -0.000000 0.000000 -0.000555 -0.000099 0.000049 0.000010 0.000144 -0.000193 0.000177 0.001029 0.000101 -0.000017 -0.000162 -0.000155 0.000011 -0.000023 0.000033 0.000006 0.000204
0.000000 0.000000 0.000001 -0.000000 0.000014 -0.000000 -0.000000 0.000171 -0.000001 -0.000050 -0.000004 0.000015 0.000081 -0.000017 0.000280 0.000099 0.000002 -0.000104 0.000019 0.000012 0.000015 0.000009 0.000028 0.000049
-0.000000 0.000000 -0.000000 0.000001 -0.000017 0.000000 -0.000000 -0.000274 -0.000015 0.000057 0.000019 0.000069 -0.000005 0.000226 0.000606 -0.000083 0.000038 0.000154 -0.000125 -0.000021 -0.000042 -0.000020 0.000009 0.000069
0.000002 0.000055 0.000014 -0.000017 0.007190 -0.000000 0.000006 -0.032313 -0.006075 -0.008748 0.000181 0.012031 -0.009466 0.005027 0.027430 0.010529 -0.001684 -0.015855 -0.001791 0.001558 -0.000175 0.003616 -0.000906 0.014796
-0.000000 -0.000000 -0.000000 0.000000 -0.000000 0.000000 0.000000 -0.000035 -0.000004 -0.000005 0.000001 0.000006 -0.000012 0.000011 -0.000017 -0.000021 0.000002 0.000022 -0.000007 -0.000002 -0.000003 -0.000000 -0.000003 0.000000
-0.000000 0.000000 -0.000000 -0.000000 0.000006 0.000000 0.000000 -0.000051 -0.000010 0.000006 -0.000000 0.000006 -0.000036 -0.000007 0.000007 0.000018 -0.000004 -0.000026 -0.000007 0.000003 0.000001 0.000005 -0.000001 0.000008
0.000062 -0.000555 0.000171 -0.000274 -0.032313 -0.000035 -0.000051 0.932734 0.110781 0.082983 -0.011192 -0.138162 0.211712 -0.261327 -0.962352 0.170493 0.008910 -0.130284 0.199898 0.017352 0.066600 -0.012415 0.028728 -0.061912
0.000006 -0.000099 -0.000001 -0.000015 -0.006075 -0.000004 -0.000010 0.110781 0.018738 0.006684 -0.000987 -0.019375 0.038263 -0.023948 -0.119428 0.014457 0.003005 -0.000287 0.024483 0.000323 0.006193 -0.003513 0.003368 -0.014975
0.000005 0.000049 -0.000050 0.000057 -0.008748 -0.000005 0.000006 0.082983 0.006684 0.183646 0.004256 -0.046381 -0.053757 -0.070238 -0.067259 0.096656 -0.003629 -0.051140 -0.028511 0.006450 0.006967 0.004009 0.009407 -0.020150
-0.000000 0.000010 -0.000004 0.000019 0.000181 0.000001 -0.000000 -0.011192 -0.000987 0.004256 0.003096 -0.001942 0.001335 0.002584 0.006269 -0.003396 0.001604 0.007620 -0.007326 -0.000194 -0.001866 0.000622 0.000199 0.002415
0.000007 0.000144 0.000015 0.000069 0.012031 0.000006 0.000006 -0.138162 -0.019375 -0.046381 -0.001942 0.096043 -0.023667 0.075948 0.101757 -0.017249 0.002616 -0.038648 -0.002896 -0.001719 -0.002448 0.000447 -0.004575 0.078354
0.000020 -0.000193 0.000081 -0.000005 -0.009466 -0.000012 -0.000036 0.211712 0.038263 -0.053757 0.001335 -0.023667 0.224569 0.029027 0.025492 -0.020487 0.017864 0.078130 0.025450 -0.002579 0.004052 -0.012122 0.009068 -0.026324
-0.000014 0.000177 -0.000017 0.000226 0.005027 0.000011 -0.000007 -0.261327 -0.023948 -0.070238 0.002584 0.075948 0.029027 0.218662 0.605737 -0.074113 0.006602 0.092894 -0.053150 -0.010801 -0.027576 -0.008483 -0.006293 0.053179
-0.000085 0.001029 0.000280 0.000606 0.027430 -0.000017 0.000007 -0.962352 -0.119428 -0.067259 0.006269 0.101757 0.025492 0.605737 4.131174 -0.072051 -0.056614 0.295424 -0.336768 -0.027173 -0.135072 -0.010840 0.004925 0.049540
0.000029 0.000101 0.000099 -0.000083 0.010529 -0.000021 0.000018 0.170493 0.014457 0.096656 -0.003396 -0.017249 -0.020487 -0.074113 -0.072051 0.285239 -0.009288 -0.174309 0.034327 0.015733 0.027023 0.011355 0.011660 0.019726
0.000004 -0.000017 0.000002 0.000038 -0.001684 0.000002 -0.000004 0.008910 0.003005 -0.003629 0.001604 0.002616 0.017864 0.006602 -0.056614 -0.009288 0.008060 0.011599 -0.000418 -0.000838 0.000622 -0.001137 0.001068 0.003531
-0.000036 -0.000162 -0.000104 0.000154 -0.015855 0.000022 -0.000026 -0.130284 -0.000287 -0.051140 0.007620 -0.038648 0.078130 0.092894 0.295424 -0.174309 0.011599 0.267888 -0.052911 -0.016304 -0.035815 -0.012817 -0.007871 -0.090066
0.000017 -0.000155 0.000019 -0.000125 -0.001791 -0.000007 -0.000007 0.199898 0.024483 -0.028511 -0.007326 -0.002896 0.025450 -0.053150 -0.336768 0.034327 -0.000418 -0.052911 0.105289 0.005056 0.018864 -0.000509 0.001048 0.015573
0.000003 0.000011 0.000012 -0.000021 0.001558 -0.000002 0.000003 0.017352 0.000323 0.006450 -0.000194 -0.001719 -0.002579 -0.010801 -0.027173 0.015733 -0.000838 -0.016304 0.005056 0.002263 0.002881 0.002207 0.001146 0.004987
0.000008 -0.000023 0.000015 -0.000042 -0.000175 -0.000003 0.000001 0.066600 0.006193 0.006967 -0.001866 -0.002448 0.004052 -0.027576 -0.135072 0.027023 0.000622 -0.035815 0.018864 0.002881 0.009646 0.000857 0.001925 0.005762
0.000002 0.000033 0.000009 -0.000020 0.003616 -0.000000 0.000005 -0.012415 -0.003513 0.004009 0.000622 0.000447 -0.012122 -0.008483 -0.010840 0.011355 -0.001137 -0.012817 -0.000509 0.002207 0.000857 0.004218 0.000355 0.006580
0.000003 0.000006 0.000028 0.000009 -0.000906 -0.000003 -0.000001 0.028728 0.003368 0.009407 0.000199 -0.004575 0.009068 -0.006293 0.004925 0.011660 0.001068 -0.007871 0.001048 0.001146 0.001925 0.000355 0.004407 0.001425
0.000020 0.000204 0.000049 0.000069 0.014796 0.000000 0.000008 -0.061912 -0.014975 -0.020150 0.002415 0.078354 -0.026324 0.053179 0.049540 0.019726 0.003531 -0.090066 0.015573 0.004987 0.005762 0.006580 0.001425 0.139718
