0.000000 -0.000000 -0.000000 -0.000000 -0.000001 0.000000 -0.000000 -0.000009 -0.000003 0.000004 0.000001 -0.000004 -0.000019 0.000021 -0.000015 -0.000006 0.000007 0.000010 -0.000011 -0.000002 -0.000001 -0.000001 0.000002 0.000011
-0.000000 0.000000 0.000000 -0.000000 0.000007 -0.000000 0.000000 0.000081 0.000031 -0.000024 -0.000007 0.000032 0.000184 -0.000188 0.000189 0.000064 -0.000057 -0.000097 0.000107 0.000018 0.000012 0.000008 -0.000019 -0.000092
-0.000000 0.000000 0.000000 0.000000 0.000005 -0.000000 0.000000 0.000072 0.000027 -0.000037 -0.000007 0.000036 0.000142 -0.000164 0.000145 0.000046 -0.000049 -0.000079 0.000083 0.000015 0.000011 0.000006 -0.000016 -0.000076
-0.000000 -0.000000 0.000000 0.000000 -0.000004 -0.000000 -0.000000 -0.000003 -0.000003 -0.000026 0.000002 0.000014 -0.000024 0.000007 -0.000061 -0.000003 0.000004 0.000018 -0.000022 -0.000002 -0.000001 -0.000001 0.000003 0.000004
-0.000001 0.000007 0.000005 -0.000004 0.000795 -0.000000 0.000001 0.003832 0.001040 0.000117 -0.000455 0.001757 0.005120 -0.005225 0.010614 0.000406 -0.001140 -0.003711 0.003566 0.000258 0.000156 0.000001 -0.000628 -0.003149
0.000000 -0.000000 -0.000000 -0.000000 -0.000000 0.000000 -0.000000 -0.000005 -0.000002 0.000003 0.000000 -0.000003 -0.000010 0.000012 -0.000011 -0.000003 0.000003 0.000006 -0.000006 -0.000001 -0.000001 -0.000000 0.000001 0.000006
-0.000000 0.000000 0.000000 -0.000000 0.000001 -0.000000 0.000000 0.000006 0.000002 -0.000001 -0.000001 0.000002 0.000015 -0.000015 0.000019 0.000005 -0.000004 -0.000008 0.000010 0.000001 0.000001 0.000001 -0.000002 -0.000007
-0.000009 0.000081 0.000072 -0.000003 0.003832 -0.000005 0.000006 0.037755 0.009495 -0.011322 -0.003225 0.016996 0.040631 -0.053073 0.061313 0.004790 -0.013545 -0.030311 0.024007 0.002746 0.002957 0.000826 -0.004448 -0.031536
-0.000003 0.000031 0.000027 -0.000003 0.001040 -0.000002 0.000002 0.009495 0.003175 -0.002942 -0.000919 0.004301 0.016350 -0.018446 0.020354 0.004345 -0.005163 -0.009886 0.009936 0.001423 0.001075 0.000520 -0.001867 -0.009365
0.000004 -0.000024 -0.000037 -0.000026 0.000117 0.000003 -0.000001 -0.011322 -0.002942 0.015399 0.000747 -0.011297 -0.008902 0.018232 0.002065 -0.001629 0.005065 0.005543 -0.002651 -0.000604 -0.001154 0.000057 0.000763 0.010669
0.000001 -0.000007 -0.000007 0.000002 -0.000455 0.000000 -0.000001 -0.003225 -0.000919 0.000747 0.000423 -0.001675 -0.004344 0.004958 -0.007751 -0.000499 0.001207 0.003077 -0.002647 -0.000342 -0.000254 -0.000024 0.000509 0.002709
-0.000004 0.000032 0.000036 0.000014 0.001757 -0.000003 0.000002 0.016996 0.004301 -0.011297 -0.001675 0.013989 0.020397 -0.024589 0.023358 0.003196 -0.005846 -0.011933 0.009312 0.001192 0.000907 -0.000034 -0.001821 -0.015935
-0.000019 0.000184 0.000142 -0.000024 0.005120 -0.000010 0.000015 0.040631 0.016350 -0.008902 -0.004344 0.020397 0.111197 -0.098947 0.119014 0.040978 -0.029605 -0.051986 0.062000 0.010414 0.005413 0.004373 -0.010753 -0.050157
0.000021 -0.000188 -0.000164 0.000007 -0.005225 0.000012 -0.000015 -0.053073 -0.018446 0.018232 0.004958 -0.024589 -0.098947 0.113623 -0.120110 -0.033099 0.030470 0.057134 -0.059478 -0.009275 -0.006698 -0.003647 0.011486 0.052085
-0.000015 0.000189 0.000145 -0.000061 0.010614 -0.000011 0.000019 0.061313 0.020354 0.002065 -0.007751 0.023358 0.119014 -0.120110 0.217210 0.036440 -0.028435 -0.071400 0.079414 0.010580 0.006122 0.003260 -0.013787 -0.051107
-0.000006 0.000064 0.000046 -0.000003 0.000406 -0.000003 0.000005 0.004790 0.004345 -0.001629 -0.000499 0.003196 0.040978 -0.033099 0.036440 0.027227 -0.009084 -0.013203 0.021756 0.004465 0.002221 0.002111 -0.003886 -0.009201
0.000007 -0.000057 -0.000049 0.000004 -0.001140 0.000003 -0.000004 -0.013545 -0.005163 0.005065 0.001207 -0.005846 -0.029605 0.030470 -0.028435 -0.009084 0.009811 0.015724 -0.017446 -0.002879 -0.001929 -0.001293 0.003054 0.015816
0.000010 -0.000097 -0.000079 0.000018 -0.003711 0.000006 -0.000008 -0.030311 -0.009886 0.005543 0.003077 -0.011933 -0.051986 0.057134 -0.071400 -0.013203 0.015724 0.032504 -0.032497 -0.004587 -0.003291 -0.001659 0.006041 0.028873
-0.000011 0.000107 0.000083 -0.000022 0.003566 -0.000006 0.000010 0.024007 0.009936 -0.002651 -0.002647 0.009312 0.062000 -0.059478 0.079414 0.021756 -0.017446 -0.032497 0.039860 0.005965 0.003367 0.002463 -0.006854 -0.026540
-0.000002 0.000018 0.000015 -0.000002 0.000258 -0.000001 0.000001 0.002746 0.001423 -0.000604 -0.000342 0.001192 0.010414 -0.009275 0.010580 0.004465 -0.002879 -0.004587 0.005965 0.001167 0.000573 0.000511 -0.001051 -0.003887
-0.000001 0.000012 0.000011 -0.000001 0.000156 -0.000001 0.000001 0.002957 0.001075 -0.001154 -0.000254 0.000907 0.005413 -0.006698 0.006122 0.002221 -0.001929 -0.003291 0.003367 0.000573 0.000538 0.000247 -0.000646 -0.002650
-0.000001 0.000008 0.000006 -0.000001 0.000001 -0.000000 0.000001 0.000826 0.000520 0.000057 -0.000024 -0.000034 0.004373 -0.003647 0.003260 0.002111 -0.001293 -0.001659 0.002463 0.000511 0.000247 0.000322 -0.000389 -0.001599
0.000002 -0.000019 -0.000016 0.000003 -0.000628 0.000001 -0.000002 -0.004448 -0.001867 0.000763 0.000509 -0.001821 -0.010753 0.011486 -0.013787 -0.003886 0.003054 0.006041 -0.006854 -0.001051 -0.000646 -0.000389 0.001377 0.004755
0.000011 -0.000092 -0.000076 0.000004 -0.003149 0.000006 -0.000007 -0.031536 -0.009365 0.010669 0.002709 -0.015935 -0.050157 0.052085 -0.051107 -0.009201 0.015816 0.028873 -0.026540 -0.003887 -0.002650 -0.001599 0.004755 0.034304
